0,310
0,305
0,308
0,307
0,302
0,304
0,303
0,12
0,10
0,8
0,0
0,416
0,436
0,300
0,430
0,413
0,299
0,473
0,434
0,298
0,412
0,297
0,411
0,296
0,545
0,410
0,295
0,529
0,392
0,294
0,433
0,409
0,293
0,528
0,486
0,292
0,549
0,428
0,291
0,472
0,405
0,290
0,553
0,289
0,548
0,517
0,288
0,544
0,404
0,287
0,477
0,403
0,286
0,465
0,402
0,285
0,527
0,538
0,284
0,526
0,329
0,283
0,525
0,463
0,282
0,551
0,447
0,281
0,397
0,464
0,280
0,444
0,394
0,279
0,393
0,542
0,278
0,391
0,536
0,277
0,462
0,388
0,276
0,558
0,452
0,275
0,535
0,387
0,274
0,382
0,386
0,273
0,441
0,385
0,272
0,483
0,440
0,271
0,514
0,384
0,270
0,524
0,400
0,269
0,543
0,457
0,268
0,481
0,381
0,267
0,523
0,505
0,266
0,565
0,550
0,265
0,471
0,380
0,264
0,451
0,379
0,263
0,423
0,378
0,262
0,476
0,368
0,261
0,377
0,260
0,522
0,466
0,259
0,474
0,468
0,258
0,374
0,257
0,521
0,575
0,256
0,541
0,574
0,255
0,461
0,373
0,254
0,501
0,372
0,253
0,449
0,371
0,252
0,557
0,513
0,251
0,422
0,370
0,250
0,467
0,249
0,519
0,504
0,248
0,572
0,367
0,247
0,540
0,573
0,246
0,516
0,571
0,245
0,503
0,366
0,244
0,534
0,365
0,242
0,376
0,364
0,241
0,421
0,322
2,1
0,334
1,3
1,1
0,390
2,7
160,0
0,431
0,435
160,1
160,5
160,4
0,479
0,485
0,487
0,493
0,494
0,502
0,506
0,570
2,4
2,5
3,1
3,3
27,1
27,3
29,0
29,2
29,3
30,1
30,2
30,4
31,0
31,1
31,3
32,0
32,2
33,0
33,1
33,3
33,4
34,1
34,3
35,0
35,2
35,3
36,0
36,1
36,3
37,0
37,1
37,3
37,4
39,1
39,3
39,4
41,1
41,2
41,4
44,0
44,2
44,4
47,0
47,2
47,3
47,5
49,0
49,1
49,3
49,4
157,1
157,2
159,0
159,2
159,3
161,0
161,1
161,3
162,1
162,2
163,0
163,1
163,3
164,0
164,1
164,3
165,0
165,2
165,3
166,0
166,2
166,3
167,0
167,1
167,3
169,0
169,1
169,3
169,4
171,1
171,2
171,4
174,1
174,2
174,4
177,0
177,2
177,4
177,5
179,0
179,1
179,3
179,4
180,1
180,3
182,0
182,2
182,3
182,4
182,1
180,2
180,0
179,2
177,6
177,3
177,1
174,3
174,0
171,3
171,0
169,2
167,4
167,2
166,4
166,1
165,4
165,1
164,2
163,4
163,2
162,3
162,0
161,2
160,2
159,1
157,3
157,0
49,2
47,6
47,4
47,1
44,3
44,1
41,3
41,0
39,2
39,0
37,2
36,4
36,2
35,4
35,1
34,2
34,0
33,2
32,3
32,1
31,2
30,5
30,3
30,0
29,1
27,2
27,0
3,0
2,2
0,511
0,496
0,492
0,482
0,475
0,458
160,3
0,429
0,408
0,375
1,0
2,6
2,3
0,318
0,243
2,0
0,9
0,363
0,240
0,515
0,495
0,239
0,569
0,362
0,238
0,460
0,420
0,237
0,539
0,407
0,236
0,448
0,359
0,235
0,537
0,401
0,234
0,399
0,459
0,233
0,419
0,358
0,232
0,333
0,357
0,231
0,456
0,356
0,230
0,500
0,355
0,229
0,418
0,354
0,228
0,396
0,353
0,227
0,510
0,319
0,226
0,455
0,352
0,225
0,454
0,344
0,224
0,509
0,491
0,223
0,490
0,349
0,222
0,351
0,453
0,221
0,508
0,499
0,220
0,484
0,348
0,219
0,432
0,347
0,218
0,533
0,346
0,217
0,507
0,395
0,216
0,450
0,520
0,215
0,415
0,343
0,214
0,342
0,213
0,547
0,341
0,212
0,480
0,340
0,211
0,568
0,339
0,210
0,338
0,209
0,398
0,337
0,208
0,478
0,336
0,207
0,446
0,563
0,206
0,335
0,205
0,443
0,564
0,204
0,442
0,562
0,203
0,361
0,332
0,202
0,567
0,439
0,201
0,532
0,561
0,200
0,470
0,331
0,199
0,438
0,498
0,198
0,437
0,489
0,197
0,469
0,328
0,196
0,559
0,195
0,531
0,560
0,194
0,417
0,327
0,193
0,546
0,326
0,192
0,414
0,325
0,63
0,512
0,324
0,62
0,389
0,323
0,61
0,383
0,321
0,60
0,350
0,427
0,59
0,369
0,320
0,58
0,426
0,360
0,57
0,425
0,406
0,56
0,345
0,317
0,55
0,530
0,518
0,54
0,497
0,424
0,53
0,566
0,316
0,52
0,445
0,315
0,51
0,556
0,314
0,50
0,555
0,313
0,49
0,330
0,312
0,48
0,488
0,311
0,47
0,309
0,46
0,554
0,306
0,45
0,552
0,301
0,6
0,5
0,1
0,11
0,4
0,2
0,3
0,7
