156,3
156,2
156,1
156,0
155,3
155,2
155,1
155,0
154,3
154,2
154,1
154,0
153,3
153,2
153,1
153,0
152,3
152,2
152,1
152,0
151,4
151,3
151,2
151,1
151,0
150,4
150,3
150,2
150,1
150,0
149,6
149,5
149,4
149,3
149,2
149,1
149,0
148,6
148,5
148,4
148,3
148,2
148,1
148,0
147,6
147,5
147,4
147,3
147,2
147,1
147,0
146,4
146,3
146,2
146,1
146,0
145,3
145,2
145,1
145,0
144,3
144,2
144,1
144,0
143,4
143,3
143,2
143,1
143,0
142,4
142,3
142,2
142,1
142,0
141,4
141,3
141,2
141,1
141,0
140,4
140,3
140,2
140,1
140,0
139,4
139,3
139,2
139,1
139,0
138,4
138,3
138,2
138,1
138,0
137,4
137,3
137,2
137,1
137,0
136,3
136,2
136,1
136,0
135,4
135,3
135,2
135,1
135,0
134,3
134,2
134,1
134,0
133,3
133,2
133,1
133,0
132,5
132,4
132,3
132,2
132,1
132,0
131,3
131,2
131,1
131,0
130,4
130,3
130,2
130,1
130,0
129,3
129,2
129,1
129,0
128,3
128,2
128,1
128,0
127,3
127,2
127,1
127,0
126,3
126,2
126,1
126,0
125,3
125,2
125,1
125,0
124,3
124,2
124,1
124,0
123,4
123,3
123,2
123,1
123,0
122,4
122,3
122,2
122,1
122,0
121,6
121,5
121,4
121,3
121,2
121,1
121,0
120,6
120,5
120,4
120,3
120,2
120,1
120,0
119,6
119,5
119,4
119,3
119,2
119,1
119,0
118,4
118,3
118,2
118,1
118,0
117,3
117,2
117,1
117,0
116,3
116,2
116,1
116,0
115,4
115,3
115,2
115,1
115,0
114,4
114,3
114,2
114,1
114,0
113,4
113,3
113,2
113,1
113,0
112,4
112,3
112,2
112,1
112,0
111,4
111,3
111,2
111,1
111,0
110,4
110,3
110,2
110,1
110,0
109,4
109,3
109,2
109,1
109,0
108,3
108,2
108,1
108,0
107,4
107,3
107,2
107,1
107,0
106,3
106,2
106,1
106,0
105,3
105,2
105,1
105,0
104,5
104,4
104,3
104,2
104,1
104,0
103,3
103,2
103,1
103,0
102,4
102,3
102,2
102,1
102,0
101,3
101,2
101,1
101,0
0,575
0,574
0,573
0,310
0,305
0,308
0,307
0,302
0,304
0,303
0,12
0,10
0,8
0,0
0,416
0,415
0,300
0,414
0,413
0,299
0,495
0,298
0,496
0,412
0,297
0,492
0,411
0,296
0,491
0,410
0,295
0,529
0,493
0,294
0,490
0,409
0,293
0,528
0,407
0,292
0,549
0,406
0,291
0,405
0,290
0,553
0,487
0,289
0,548
0,517
0,288
0,552
0,404
0,287
0,403
0,286
0,546
0,402
0,285
0,527
0,400
0,284
0,526
0,399
0,283
0,525
0,282
0,551
0,398
0,281
0,397
0,396
0,280
0,395
0,394
0,279
0,393
0,567
0,278
0,391
0,390
0,277
0,389
0,388
0,276
0,558
0,545
0,275
0,566
0,387
0,274
0,485
0,386
0,273
0,484
0,385
0,272
0,483
0,482
0,271
0,544
0,384
0,270
0,524
0,383
0,269
0,543
0,382
0,268
0,481
0,381
0,267
0,523
0,480
0,266
0,565
0,550
0,265
0,380
0,264
0,478
0,379
0,263
0,477
0,378
0,262
0,476
0,475
0,261
0,564
0,377
0,260
0,522
0,259
0,474
0,375
0,258
0,542
0,374
0,257
0,521
0,256
0,541
0,255
0,373
0,254
0,471
0,372
0,253
0,470
0,371
0,252
0,557
0,469
0,251
0,468
0,370
0,250
0,467
0,369
0,249
0,519
0,368
0,248
0,572
0,367
0,247
0,540
0,246
0,516
0,571
0,245
0,465
0,366
0,244
0,570
0,365
0,242
0,464
0,364
0,241
0,463
0,363
0,240
0,515
0,462
2,1
76,1
2,6
1,0
1,1
0,243
0,376
0,392
0,408
0,422
0,461
0,472
0,473
0,486
0,489
0,494
0,499
0,500
2,2
2,4
3,0
3,3
27,0
27,2
27,3
29,1
29,3
30,0
30,2
30,3
30,5
31,0
31,2
32,0
32,1
32,3
33,0
33,2
33,4
34,0
34,2
34,3
35,1
35,3
35,4
36,1
36,2
36,4
37,0
37,2
37,4
39,0
39,2
39,3
41,0
41,2
41,3
44,0
44,1
44,3
44,4
47,1
47,3
47,4
47,6
49,0
49,2
49,4
73,0
73,2
73,3
75,1
75,2
76,2
77,0
77,1
77,3
78,0
78,2
79,0
79,1
79,3
79,4
80,1
80,3
81,0
81,2
81,3
82,0
82,1
82,3
83,0
83,1
83,3
83,4
85,1
85,3
85,4
87,1
87,2
87,4
90,0
90,2
90,4
93,0
93,2
93,3
93,5
95,0
95,1
95,3
95,4
96,1
96,2
97,0
97,2
97,3
98,1
98,2
99,0
99,2
99,3
100,1
100,2
100,3
100,0
99,1
98,3
98,0
97,1
96,3
96,0
95,2
93,6
93,4
93,1
90,3
90,1
87,3
87,0
85,2
85,0
83,2
82,4
82,2
81,4
81,1
80,2
80,0
79,2
78,3
78,1
77,2
76,4
75,3
75,0
73,1
49,3
49,1
47,5
47,2
47,0
44,2
41,4
41,1
39,4
39,1
37,3
37,1
36,3
36,0
35,2
35,0
34,1
33,3
33,1
32,2
31,3
31,1
30,4
30,1
29,2
29,0
27,1
3,1
2,5
0,547
0,497
0,488
0,479
0,466
0,420
0,401
0,322
1,3
76,5
76,3
76,0
2,7
2,3
2,0
0,9
0,239
0,569
0,362
0,238
0,460
0,361
0,237
0,539
0,360
0,236
0,538
0,359
0,235
0,537
0,514
0,234
0,513
0,459
0,233
0,458
0,358
0,232
0,457
0,357
0,231
0,563
0,356
0,230
0,562
0,355
0,229
0,512
0,354
0,228
0,511
0,353
0,227
0,510
0,456
0,226
0,455
0,352
0,225
0,454
0,351
0,224
0,509
0,350
0,223
0,536
0,349
0,222
0,535
0,453
0,221
0,508
0,452
0,220
0,451
0,348
0,219
0,534
0,347
0,218
0,533
0,346
0,217
0,507
0,345
0,216
0,450
0,344
0,215
0,506
0,343
0,214
0,561
0,342
0,213
0,560
0,341
0,212
0,555
0,340
0,211
0,554
0,339
0,210
0,448
0,338
0,209
0,447
0,337
0,208
0,449
0,336
0,207
0,446
0,445
0,206
0,444
0,335
0,205
0,443
0,334
0,204
0,442
0,333
0,203
0,441
0,332
0,202
0,440
0,439
0,201
0,532
0,505
0,200
0,504
0,331
0,199
0,438
0,330
0,198
0,437
0,329
0,197
0,503
0,328
0,196
0,559
0,435
0,195
0,531
0,434
0,194
0,436
0,327
0,193
0,433
0,326
0,192
0,432
0,325
0,63
0,431
0,324
0,62
0,430
0,323
0,61
0,429
0,321
0,60
0,428
0,427
0,59
0,502
0,320
0,58
0,426
0,319
0,57
0,425
0,318
0,56
0,501
0,317
0,55
0,530
0,518
0,54
0,498
0,424
0,53
0,520
0,316
0,52
0,568
0,315
0,51
0,556
0,314
0,50
0,421
0,313
0,49
0,423
0,312
0,48
0,311
0,47
0,419
0,309
0,46
0,418
0,306
0,45
0,417
0,301
0,6
0,5
0,1
0,11
0,4
0,2
0,3
0,7
